   256432740   256432777   256432814   256432851   252959431   267639705   252959635   262921163   252500763   258792439   261151588   261872568
   256432739   256432776   256432813   256432850   252566239   258005948   254073783   253942594   253877041   262658816   266132279   262200219
   256432741   256432778   256432815   256432852   253352624   260496246   251845488   255187796   265018261   265542417   256170897   261544917
   256432742   256432779   256432816   256432853   253745817   253352787   255318940   264166364   256039833   259185532   267967422   261217266
   256432743   256432780   256432817   256432854   254139009   262986544   254204793   256432997   256039799   262003630   262986731   260954895
   256432744   256432781   256432818   256432855   254532202   255843085   253090645   265411566   259382109   256498582   258071320   260627244
   256432745   256432782   256432819   256432856   254925394   265411562   251976498   257678199   263379923   267836272   252042058   258399305
   256432746   256432783   256432820   256432857   255318587   258268103   255449950   266656767   255581151   257415965   263838583   258071654
   256432747   256432784   256432821   256432858   255711779   267901860   254335803   258923400   254860129   254991171   258857892   257744003
   256432748   256432785   256432822   256432859   253484000   257285085   253221655   267967249   253614923   268032948   253877201   257416352
   256432749   256432786   256432823   256432860   253877192   266918842   252042228   260168602   266001349   256301906   265673726   257088701
   256432750   256432787   256432824   256432861   254270385   259775383   255580961   252435234   257153993   266853183   260758315   256761050
   256432751   256432788   256432825   256432862   254663578   252631924   254401533   261413803   257153831   252238829   255777624   256433399
   256432695   256432732   256432769   256432806   253024806   265017894   252828511   259972033   264756177   255384488   266656636   259513247
   256432697   256432734   256432771   256432808   253745911   267442912   255187816   261217234   258137029   259644206   256695254   258857945
   256432698   256432735   256432772   256432809   254139104   260299453   254073669   253483867   267115465   265870147   251779843   258530294
   256432699   256432736   256432773   256432810   254532297   253155994   252959521   262462436   266394487   264100637   263576368   258267923
   256432700   256432737   256432774   256432811   254925489   262789751   251780094   254729069   265149277   259447786   258595677   257940272
   256432701   256432738   256432775   256432812   255318682   255646292   255318826   263707637   252369875   264887052   253614986   257612621
   256432702   256432739   256432776   256432813   255711874   265280049   254204679   255974270   260299743   258530145   265411511   257284970
   256432703   256432740   256432777   256432814   256105067   258136590   253025251   265018119   260299569   260561843   260430820   256957319
   256432704   256432741   256432778   256432815   256498259   267705067   251911104   257219472   266066795   257940290   255515409   256629668
   256432705   256432742   256432779   256432816   256891452   260561608   255384556   266263320   253549541   266394532   267311934   256302017
   256432706   256432743   256432780   256432817   257284645   253418149   254270409   258464673   261479401   255974345   262331243   255974366
   256432707   256432744   256432781   256432818   257677837   263051906   253156261   267508522   255450040   261479410   257350552   255646715
   256432708   256432745   256432782   256432819   258005750   255908447   252042114   259709875   253025170   257874693   252369861   255384344
   256432709   256432746   256432783   256432820   258398942   265542204   255515567   251976507   265542428   266460131   264166386   255056693
   256432710   256432747   256432784   256432821   258792135   258398745   254401419   260955076   257612560   255908750   259250975   254729042
   256432711   256432748   256432785   256432822   257546973   256957326   253287272   253221709   257612798   263183196   254270284   254401391
   256432712   256432749   256432786   256432823   257940165   266591083   252173124   262200278   258857940   259775332   266066809   254073740
   256432713   256432750   256432787   256432824   258333358   259447624   255646577   254466910   262855514   264559490   261086118   253746089
   256432714   256432751   256432788   256432825   258726551   252304165   254532429   263445479   254008150   258333679   256105427   253418438
   256432715   256432752   256432789   256432826   259119743   261937922   253418282   255712112   254335976   251714481   267967232   253090787
   256432716   256432753   256432790   256432827   259512936   254729183   252304134   264690681   252042178   265018182   262986541   252828416
   256432717   256432754   256432791   256432828   251976345   264362941   255777587   256957313   264428364   259316640   258005850   252500765
   256432718   256432755   256432792   256432829   252369538   257219482   254663439   266001162   256629568   265673677   253025159   252173114
   256432719   256432756   256432793   256432830   252762730   266853239   253484012   258202515   256629678   255515423   264821684   251845463
   256432720   256432757   256432794   256432831   253155923   259709780   252369864   267246364   252959732   266525678   259840992   268295028
   256432721   256432758   256432795   256432832   253549116   252566321   255843317   259447716   265608058   257809160   254925581   267967377
   256432722   256432759   256432796   256432833   253942308   262200078   254729170   251714349   257809270   268229477   266722106   267639726
   256432723   256432760   256432797   256432834   254335501   254991339   253615022   260692918   268032987   255974156   261741415   267312075
   256432724   256432761   256432798   256432835   254663413   264625096   252500875   252959551   265608177   260758523   256760724   266984424
   256432725   256432762   256432799   256432836   255056606   257481637   255974327   261938119   252959615   255187741   251780033   266722053
   256432726   256432763   256432800   256432837   255449798   267115394   254860180   254204752   261806963   261413744   263576558   266394402
   256432727   256432764   256432801   256432838   255842991   259971935   253746032   263183321   261807005   259775394   258661147   266066751
   256432728   256432765   256432802   256432839   256236184   252828476   252631885   255449954   264100802   267705146   253680456   265739100
   256432729   256432766   256432803   256432840   256629376   262462233   256105337   264428522   259709772   256629724   265476981   265411449
   256432730   256432767   256432804   256432841   257022569   255253494   254991190   256695155   267639616   267049905   260496290   265083798
   256432731   256432768   256432805   256432842   257415761   264887251   253877042   265673724   267967486   261086191   255515599   264756147
   256432732   256432769   256432806   256432843   257808954   257743792   252762895   257940357   265673684   256170776   267312124   264428496
   256432733   256432770   256432807   256432844   258202146   267377549   256236347   266984205   252894042   268164094   262396713   264100845
   256432734   256432771   256432808   256432845   258595339   260234090   255122200   259185558   261872470   257612691   257416022   263838474
   256432736   256432773   256432810   256432847   259316444   262724388   252828625   260430760   264494050   258857904   264231856   263183172
   256432737   256432774   256432811   256432848   251845134   255580930   251714478   252697393   251976556   265476950   259251165   262855521
   256432738   256432775   256432812   256432849   252173046   265149407   255187930   261675961   260954976   259251003   254335754   262527870
   256432752   256432789   256432826   256432863   255056770   262265681   253287386   253680436   252435325   265345820   267574149   256171028
   256432753   256432790   256432827   256432864   255449963   255122222   252173238   262659005   265083891   258989050   262593458   255843377
   256432754   256432791   256432828   256432865   255843155   264755979   255646691   254925637   256236543   265214871   257612767   255515726
   256432755   256432792   256432829   256432866   256236348   257547240   254532543   263904206   256498507   260692760   252697356   255188075
   256432756   256432793   256432830   256432867   256629540   267180997   253418396   256170839   258268001   256039919   264493881   254860424
   256432757   256432794   256432831   256432868   257022733   260037538   252304248   265149408   262396911   268294921   259513190   254532773
   256432758   256432795   256432832   256432869   257350646   252894079   255777701   257416040   254467043   257743716   254532499   254205122
   256432759   256432796   256432833   256432870   257743838   262527836   254663553   266394609   254466829   263445430   266329024   253877471
   256432760   256432797   256432834   256432871   258137031   255384377   253549406   258661242   256433047   256760790   261348333   253549820
   256432761   256432798   256432835   256432872   258530223   265018134   252435258   267705091   261085977   267574064   256432922   253287449
   256432762   256432799   256432836   256432873   258923416   257809395   255908711   259906443   252107541   257153885   268229447   252959798
   256432763   256432800   256432837   256432874   259316608   267443152   254794564   252173076   252566443   255253251   263248756   252632147
   256432764   256432801   256432838   256432875   251780018   260299694   253680416   261151645   253811585   268295156   258268065   252304496
   256432765   256432802   256432839   256432876   252173211   253156235   252500989   253418278   266853135   256039698   253287374   251976845
   256432766   256432803   256432840   256432877   252566403   262789992   256039721   262396846   258923267   266591103   265083898   268426410
   256432767   256432804   256432841   256432878   252959596   255646533   254925574   254663479   258923501   252500909   260168487   268098759
   256432768   256432805   256432842   256432879   253352788   265280290   253746146   263642048   255253431   265608028   255187796   267771108
   256432769   256432806   256432843   256432880   253745981   258071551   252631999   255908681   267508537   258726842   266984321   267508737
   256432770   256432807   256432844   256432881   254139173   267705308   256105451   264887249   259578677   264952791   262003630   267181086
   256432771   256432808   256432845   256432882   254532366   260561849   254991304   257153882   265608036   253680620   257022939   266853435
   256432772   256432809   256432846   256432883   254860279   253418390   253877156   266132451   268032846   265673499   252107528   266525784
   256432773   256432810   256432847   256432884   255253471   263052147   252763009   258399084   255777728   258661373   263904053   266198133
   256432775   256432812   256432849   256432886   256039856   265542445   255122314   259644285   263707426   254073666   253942671   265542831
   256432776   256432813   256432850   256432887   256433049   258398986   254008167   251910918   260102920   267443066   265739196   265215180
   256432777   256432814   256432851   256432888   256826241   267967463   252894019   260889487   256367494   256891804   260758505   264887529
   256432778   256432815   256432852   256432889   257219434   260824004   251779872   253156120   265214858   267312113   255843094   264625158
   256432779   256432816   256432853   256432890   257612627   253680545   255253324   262134688   264624948   260823983   267639619   264297507
   256432780   256432817   256432854   256432891   258005819   263314302   254139177   254401321   266918686   255908696   262658928   263969856
   256432781   256432818   256432855   256432892   258399012   256170843   253025029   263379890   254794640   268426174   257678237   263642205
   256432782   256432819   256432856   256432893   258792204   265804600   251845602   255646523   262593436   257874899   267574474   263314554
   256432783   256432820   256432857   256432894   259120117   258661141   255384334   264625091   262593394   263314177   262593783   262986903
   256432784   256432821   256432858   256432895   259513309   268229618   254204907   256891724   268360488   258595824   257678372   262659252
   256432785   256432822   256432859   256432896   252041999   261086160   253090759   265870293   255450022   265739030   252697681   262331601
   256432786   256432823   256432860   256432897   252369912   253942701   251976612   258136926   263248810   259513211   264494206   262003950
   256432787   256432824   256432861   256432898   252763104   263576458   255450064   267115494   253025031   264952594   259513515   261741579
   256432788   256432825   256432862   256432899   253156297   256432999   254335917   259382127   255449901   251780069   254532824   261413928
   256432789   256432826   256432863   256432900   253549489   266066756   253221769   268360696   268360611   264166147   266394629   261086277
   256432790   256432827   256432864   256432901   253942682   258923297   252107622   260627329   259513263   253746030   261413938   260758626
   256432791   256432828   256432865   256432902   254335875   251714558   255581075   252893961   259513153   267443132   256433247   260430975
   256432792   256432829   256432866   256432903   254729067   261348315   254466927   261872530   267115401   257481724   268229772   260103324
   256432793   256432830   256432867   256432904   255122260   254204856   253352780   254139163   254597895   266853146   263249081   259775673
   256432794   256432831   256432868   256432905   255515452   263838613   252238632   263117732   262527755   256301943   258268390   259448022
   256432795   256432832   256432869   256432906   255908645   256695154   255712085   255384364   263117749   254008105   253352979   259120371
   256432796   256432833   256432870   256432907   256301837   266328911   254597937   264362933   260299679   266918878   265149504   258858000
   256432797   256432834   256432871   256432908   256629750   259185452   253483790   256629566   256170769   257415992   260168813   258530349
   256432798   256432835   256432872   256432909   257022943   252041993   252304362   265608135   265149213   267836245   255188122   258202698
   256432799   256432836   256432873   256432910   257416135   261610470   255843095   257874767   265149427   253352839   266984647   257875047
   256432800   256432837   256432874   256432911   257809328   254467011   254663667   266853336   261479337   264362870   262003956   257547396
   256432801   256432838   256432875   256432912   258202520   264100768   253549520   259119969   257088295   259971984   257088545   257219745
   256432802   256432839   256432876   256432913   258595713   256957309   252435372   268098538   266066731   266329085   252107854   256892094
   256432803   256432840   256432877   256432914   258988905   266591066   255908825   260365170   259513210   252435398   263904379   256564443
   256432804   256432841   256432878   256432915   259382098   259447607   254794678   252566523   257612624   264297265   258923688   256236792
   256432805   256432842   256432879   256432916   251845508   252304149   253680530   261610372   262003678   260037591   253942997   255974421
   256432806   256432843   256432880   256432917   252238700   261872626   252566383   253877005   253025234   266263482   265804802   255646770
   256432807   256432844   256432881   256432918   252631893   254729167   256039835   262855573   253025084   254925672   260824111   255319119
   256432809   256432846   256432883   256432920   253418278   257219465   253811540   264100775   266656664   257612726   267639945   254663817
   256432810   256432847   256432884   256432921   253811470   266853222   252697393   256367408   258857876   268164059   262659254   254336166
   256432811   256432848   256432885   256432922   254139383   259709763   256170845   265345976   258399018   262069125   257678563   254008515
   256432812   256432849   256432886   256432923   254532576   252566304   255056698   257612609   256629504   257284978   252763152   253680864
   256432813   256432850   256432887   256432924   254925768   262134781   253942550   266591178   260889486   267049876   264559677   253353213
   256432814   256432851   256432888   256432925   255318961   254991322   252763123   258857811   252042114   256629753   259578986   253090842
   256432815   256432852   256432889   256432926   255712153   264625079   256301855   267836379   252042092   262462251   254598295   252763191
   256432816   256432853   256432890   256432927   256105346   257481620   255122428   260103012   257809206   259840986   266394820   252435540
   256432817   256432854   256432891   256432928   256498538   267115377   254008281   252304365   261807032   264493884   261414129   252107889
   256432818   256432855   256432892   256432929   256891731   259971918   252894133   261348214   252959668   258136913   256498718   251780238
   256432819   256432856   256432893   256432930   257284924   252828459   251779986   253549567   256891683   256957458   268295242   268229803
   256432820   256432857   256432894   256432931   257678116   262462216   255253438   262593415   258136841   261872869   263314551   267902152
   256432821   256432858   256432895   256432932   258071309   255253477   254139291   254860048   262527879   254073859   258333860   267574501
   256432822   256432859   256432896   256432933   258399221   264887234   253025143   263838617   254598027   260430958   253353169   267312130
   256432823   256432860   256432897   256432934   258792414   257743775   251910996   256105250   254597989   258661564   265149694   266984479
   256432824   256432861   256432898   256432935   259185606   267377532   255384448   265083818   256826367   261414108   260234283   266656828
   256432825   256432862   256432899   256432936   259578799   260234073   254270301   257350451   260692849   254532666   255253592   266329177
   256432826   256432863   256432900   256432937   252042209   253090615   253156153   266329020   251714429   260758615   267050117   266001526
   256432827   256432864   256432901   256432938   252435401   262724372   252042006   258595653   252435395   267377673   262069426   265673875
   256432828   256432865   256432902   256432939   252828594   255515633   255515458   267574221   254204905   254074110   257088735   265346224
   256432829   256432866   256432903   256432940   253221786   265149390   254401311   259840854   266460007   261872664   252173324   265018573
   256432830   256432867   256432904   256432941   253614979   258005931   253221884   252042207   258530155   255515765   263969849   264690922
   256432831   256432868   256432905   256432942   254008171   267639688   252107736   261086056   258530181   265673895   258989158   264428551
   256432832   256432869   256432906   256432943   254401364   260496229   255646469   253287408   254860255   252566614   254008467   264100900
   256432833   256432870   256432907   256432944   254794557   253352770   254467041   262331257   267901777   263380144   265804992   263773249
   256432834   256432871   256432908   256432945   255187749   262986527   253352894   254597890   259971933   252959965   260824301   263445598
   256432835   256432872   256432909   256432946   255580942   255777788   252238746   263576459   265476876   264756454   255908890   263117947
   256432836   256432873   256432910   256432947   255908854   265411545   255712199   255843091   268426022   252501009   267705415   262790296
   256432837   256432874   256432911   256432948   256302047   258268086   254598051   264821660   255384488   263445751   262724724   262462645
   256432839   256432876   256432913   256432950   257088432   260758384   252369756   266066862   263314250   268295240   252763342   261807343
   256432840   256432877   256432914   256432951   257481625   253614925   255843209   258333494   260496224   254401648   264559867   261544972
   256432841   256432878   256432915   256432952   257874817   263248682   254729061   267312063   255974382   261545110   259644456   261217321
   256432842   256432879   256432916   256432953   258268010   256105223   253614914   259578696   264821730   255319291   254663765   260889670
   256432843   256432880   256432917   256432954   258661202   265673700   252500767   251780049   264493916   257088677   266460290   260562019
   256432844   256432881   256432918   256432955   259054395   258530241   255974219   260823897   267311990   261741650   261479599   260234368
   256432845   256432882   256432919   256432956   259447587   268163998   254860072   253025250   254401528   254205108   256498908   259906717
   256432846   256432883   256432920   256432957   251910997   261020540   253745924   262069099   262200308   260562137   268360713   259579066
   256432847   256432884   256432921   256432958   252304190   253877081   252566497   254270452   262200090   258530315   263380022   259251415
   256432848   256432885   256432922   256432959   252697382   263510838   256105229   263314300   267967296   263249146   258399331   258923764
   256432849   256432886   256432923   256432960   253090575   256367379   254925802   255580933   255843278   252697628   253418640   258661393
   256432850   256432887   256432924   256432961   253418487   265935856   253811654   264559502   263642050   263117937   265215165   258333742
   256432851   256432888   256432925   256432962   253811680   258792397   252697507   256826135   252894063   252959768   260234474   258006091
   256432852   256432889   256432926   256432963   254204872   268426154   256170959   265804703   255843141   265870575   255319063   257678440
   256432853   256432890   256432927   256432964   254598065   261282695   255056812   258071336   267967435   258464777   267115588   257350789
   256432854   256432891   256432928   256432965   254991258   254139236   253942664   267049905   259120071   264690788   262134897   257023138
   256432855   256432892   256432929   256432966   255384450   263772993   252828517   259316538   259119913   254401718   257154206   256695487
   256432856   256432893   256432930   256432967   255777643   256629534   251714369   268295107   257350774   262593582   252173515   256367836
   256432857   256432894   256432931   256432968   256170835   266198011   255187822   260561739   261217528   253353160   263970040   256040185
   256432858   256432895   256432932   256432969   256564028   259054552   254073675   252763092   253287668   263773349   259054629   255777814
   256432859   256432896   256432933   256432970   256957221   251911093   252959527   261806941   252959818   266198267   254073938   255450163
   256432860   256432897   256432934   256432971   257350413   261544850   251845380   254008294   255777888   253156364   265870463   255122512
   256432861   256432898   256432935   256432972   257678326   254401391   255318832   263052142   268033262   262790378   260889772   254794861
   256432862   256432899   256432936   256432973   258071518   264035148   254204685   255253495   259054818   252238983   255909081   254467210
   256432863   256432900   256432937   256432974   258464711   256891689   253025257   264297344   259054604   266853461   267770886   254139559
   256432864   256432901   256432938   256432975   258857903   266525446   251911110   256563977   254336086   255843492   262790195   253811908
   256432865   256432902   256432939   256432976   259251096   259316707   255384562   265542545   267377880   260103234   257809504   253484257
   256432866   256432903   256432940   256432977   251714506   252173249   254270415   257809178   258399444   253877295   252828813   253156606
   256432867   256432904   256432941   256432978   252107698   261807006   253156267   266787747   264952965   267770900   264625338   252894235
   256432868   256432905   256432942   256432979   252500891   254663547   252042120   259054380   266853551   255778019   259644647   252566584
   256432869   256432906   256432943   256432980   252894083   264297304   255515572   268032948   253811745   260168709   254729236   252238933
   256432870   256432907   256432944   256432981   253287276   257153845   254401425   260299581   262790189   253811816   266525761   251911282
   256432871   256432908   256432945   256432982   253680468   266787602   253287278   252500934   262790339   265280698   261545069   268360847
   256432872   256432909   256432946   256432983   254073661   259578863   252173130   261544783   262069481   253484162   256564378   268033196
   256432873   256432910   256432947   256432984   254466854   252435404   255646583   253746135   257547367   262462564   268360903   267705545
   256432874   256432911   256432948   256432985   254860046   262069161   254532435   262789984   265346155   252042249   263380212   267377894
   256432875   256432912   256432949   256432986   255187959   254925702   253418288   254991337   266067157   258006103   258464801   267115523
   256432876   256432913   256432950   256432987   255581151   264559459   252304140   264035186   267836671   262921376   253484110   266787872
   256432877   256432914   256432951   256432988   255974344   257416000   255777593   256236538   254925937   253025350   265280635   266460221
   256432878   256432915   256432952   256432989   256367536   267049757   254663445   265280387   263773309   263576619   260299944   266132570
   256432879   256432916   256432953   256432990   256760729   259841018   253484018   257547020   263773331   257613049   255319253   265804919
   256432881   256432918   256432955   256432992   257547114   262331316   255843323   258792221   254270535   255712494   262200367   265149617
   256432882   256432919   256432956   256432993   257940307   255187857   254729175   267770790   263117899   261938307   257219676   264821966
   256432883   256432920   256432957   256432994   258333499   264821614   253615028   260037423   262331647   266066956   252238985   264494315
   256432884   256432921   256432958   256432995   258726692   257678155   252500881   252238776   261086421   252763387   264035510   264231944
   256432885   256432922   256432959   256432996   259119884   267311912   255974333   261282624   256433243   263183389   259054819   263904293
   256432886   256432923   256432960   256432997   259447797   260168453   254860186   253483977   264363095   252632176   254139408   263576642
   256432887   256432924   256432961   256432998   251976487   252959715   253746038   262527826   264363193   266460322   265935933   263248991
   256432888   256432925   256432962   256432999   252369679   262593472   252631891   254729179   262396963   253746370   260955242   262921340
   256432889   256432926   256432963   256433000   252697592   255450013   256105343   263773027   258268333   262200356   255974551   262593689
   256432890   256432927   256432964   256433001   253090784   265083770   254991196   255974380   267246753   251780169   267771076   262266038
   256432891   256432928   256432965   256433002   253483977   257940311   253877048   265018229   266787871   258268183   262790385   261938387
   256432892   256432929   256432966   256433003   253877169   267574068   252762901   257219582   265018421   263183584   257874974   261610736
   256432893   256432930   256432967   256433004   254270362   260430609   254860278   262134952   252501179   252763142   252894283   261348365
   256432894   256432931   256432968   256433005   254663555   253221870   253746131   254401585   260431031   263314539   264690808   261020714
   256432895   256432932   256432969   256433006   255056747   262855627   252631983   263380154   260430937   257875129   259710117   260693063
   256432896   256432933   256432970   256433007   255449940   255712168   256105436   255646786   266198019   260496456   254729426   260365412
   256432897   256432934   256432971   256433008   255843132   265345925   254991288   264625355   253418637   255450286   266525951   260037761
   256432898   256432935   256432972   256433009   256236325   258202466   253877141   256891988   261348481   261676227   261610540   259710110
   256432899   256432936   256432973   256433010   256629517   267836223   252762993   265870557   255843536   256695544   256629849   259382459
   256432900   256432937   256432974   256433011   256957430   260692764   256236446   258137189   252894458   260561935   268426374   259054808
